740000800300005000000004071487090060000608000030040598290700000000900002001000089
000000000000000000000000000000000000000000000000000000000000000000000000000000000
009081005030090080000000402085002900970000051001700830403000000050030010100920700
058002001006050820100680000060041000010000060000260090000018007084070500900500380
100003069200098010000000302500030001076812950800050006901000000080270003730100005
004700039970003000030029500007080000203000601000060300001630020000900053380005100
000681500075020000000700200046090301020040080107060450002008000000050860008376000
400900780009600050375804000201000000040000060000000409000305648050006200038002007
071000200500400060200090003000089306000020000803740000700030009010007008008000670
503006902014000067200800000000630004001080200400071000000002001320000540109300608
030019006928050000000400080014700030009000400070004850090008000000020398800960010
603700001020001000450030000000840900200090006005023000000010057000600010100005604
070860501300007460000000000005000910000608000041000800000000000092100003108039070
002080197009003500000290040000008920001000300096100000010079000007300200934020800
100603000902000300060108200000300002207546803300001000001805020004000608000407005
020008000507000000008450010306000005285070193100000208050049300000000904000300080
490100000001050074072008000957400200100060007006005918000500780780010500000007042