092500003070000140600004002308629000000000021000400006000090400000700000800040007
600020004000003005070050800034002170960070050010040003000000000396000507740200001
000000000000000605005100040000260070002000000080700000400080000000000009000300700
000970008005400010042631059008046070000000000000080090080003000129800007400792800
000010870084050090009000000090008000003040000000000000030001020900234500120000349
080000000096004015000508039000000160000679080060400050000050300600002000054963000
000050090009008000587030100010000000000809003900002000600403015000007060001006007
500060700648200000000000065380000000000008946069010800010000200000004189804000000
208300061006000034040200050080000400000004000002008095001000980029601000850090012
000095000000180020000037050060920000000000590020300000076019430090000000000002001

000000800900003600060000035230001080000632791610000302090025070500900160703006050
009050000700040000004080000097000005001000806050000700000000003513000067000000000
500000003830240001200001980000009000002000019103470006000057000000800500000000120
009067000100040008000800000090014030000603100000000850000700200005001080420908061
030070000104000300008090000020010000000046025000000080000007000006435201050982000
006000107000000258100000960000300002060007041080000670321000005000400010800000026
000005000000060030096701200502090003049183070001007000005300000030010000400600350
000752100070009020000010703000000306030000001500036080000640009903500000010900600
000400000000000000032800476900000004000008067060104090000060900700000600083005701
040000060000109500000000081080000000000000000012007394008000600000000009600000000

000000000600008500000000200174000690002000045039486020000009450000014062007002100
080050040017020060400009000028300000003201500001040800700690050004010600160000089
009100207057042180010037905020060000000000000000705000035000860002000001004680070
000009000003502860600308000200080050040000020000240000004000003700190046029000700
000306000300590006009000003800100000006800900290630018968000100010208000000060005
000080050800030000054090803032000600080060000001300000070005000100623507020000000
800700000700000000035000700000004100000000000000020000000000001000000050150040000
000920060900000001040080920000000702720009006000072000000000000000008100010090000
500000100000006000000000000000692710000000800090000260000300006000970320003005008
008247600000600080000050040029100700685000000300900020701000000850706010000013000

027100000180045000000300180000431098800060000040782010010900800000056000798210000
687000000040570001000800940400005010930087406800300000300600000008000060004050000
060800050100500000000309700200000000000030610006001500003092000900000000007000006
805043060060507300001000807204000000607809000010002790000090000080700030020630000
010900300700002000082501000001000006050067008046029003100096000000000291000015000
000000200010870056238000400020750804000000500000004009091340600000095010000020900
030040070200000004048007005709102408400080092820000700012000003394000000087090000
380020000000003402040701030000040700200006000070350000708005306020008000600000209
740300900300000000006000030004030009035020007600010000000800000061500398050060002
060000750005017008907206003320195460100000000000000800042070030000000974000040000
600384000310502060005700000004008090080000270000000000000000008201043709009000300
008600050600000080009000023000200509002000000891354076000006400200000060740020001
000000360500003891000601700000040000080150000060000047410000623000300000350000400
000001050000000000000900100050002740000700090000350281381020060000000032706000405
090000000200080005087106004701000000000600100000000020008020010026000050000000080
809500007010000000040306190700400921008000070000009064050100700000905002000000509
000150730000040008040000100090000500007260000306905070500018600000007010008500940
430102000000070000000005010000060080618000900000008000304000000079600000800000000
300000807000002003902703061020000000000520094500300000000000302093870605100000000
050060340000053010060000902090006500005040000000000100940070800000308060003590720
000630000000509060000000300000900470000000080400005010000000020000050130100000807
004600009900000006367005008000009000000701300700000180000003001001500000439000070
500100074970000000004000015247086000059700000600200090460007000005012600090060003
500206804000008000098400000250000040000000006000000002003020000015764200080030060
010000200004070090000010003040203060702160930000000000420000000600000020308600450
015000000004000200920057100009400020002800490000709300201000080040000051007003602
000500000030000000500000020009001000001020000050000070010040006000000431000003000
200590030050000082000004000070000900090060000000000600060003210000000060000000000
903604815200000006040010000090100008300086504000290000000360040100002050704000000
070000501000000090000570003130090065000108300500036408000300054314020000700010930
000000053010900867000500400431000006009600340560010290750090002100320005090000000
038060095015000020620000000503000000000000070000000000056240010070000046390010000
000000081020070400000041560000700230080000900090000004200000075035007009000406028
200005000300000586000080209090748005030651490700000060000090708008000600100872050
800043010000208000000000000000000020243000081005102000050000908000070050004860072
780000002900005700040000100018004000090000080036802400000430007600000310800021006
000070495204900060000000000603050080520000000400000253000001004069700030000023000
000060300800020000000300090301890005620500910008016030187204059000059847409087000
060000008000000070000036000095300600640900700712800053080050029100429860009001007
005003080071900000000000002046009100000040000210007000100030907000000410490050063
201050000007201040005000600000000010004008000000900058059300106600089000080065000
601903054054207060800005000017030000000700000530002000005000000000508000040129835
